


titles['burton'] = [4657, 2400, 5760, 6036, 7111, 8821,
                    18506, 4658, 5761, 6886, 7113]
titles['dickens'] = [24022, 1392, 1414, 1467, 2324, 580,
                     786, 888, 963, 27924, 1394, 1415, 15618,
                     25985, 588, 807, 914, 967, 30127, 1400,
                     1421, 16023, 28198, 644, 809, 917, 968, 1023,
                     1406, 1422, 17879, 30368, 675, 810, 924, 98,
                     1289, 1413, 1423, 17880, 32241, 699, 821, 927]
titles['doyle'] = [2349, 11656, 1644, 22357, 2347, 290, 34627, 5148,
                   8394, 26153, 12555, 1661, 23059, 2348, 294, 355,
                   5260, 8727, 10446, 126, 17398, 2343, 2350, 3070,
                   356, 5317, 903, 10581, 13152, 2038, 2344, 244, 32536,
                   423, 537, 108, 139, 2097, 2345, 24951, 32777, 4295,
                   7964, 11413, 1638, 21768, 2346, 2845, 3289, 439, 834]
----------------------------------------------------------------------------------------------
titles['gaboriau'] = [1748, 1651, 2736, 3336, 4604, 4002, 2451,
                      305, 3802, 547]

http://www.gutenberg.org/files/778/778.txt
----------------------------------------------------------------------------------------------
titles['nesbit'] = [34219, 23661, 28804, 4378, 778, 20404, 28725,
                    33028, 4513, 794]

http://www.gutenberg.org/files/34219/34219.txt
----------------------------------------------------------------------------------------------
titles['tarkington'] = [1098, 15855, 1983, 297, 402, 5798,
                        8740, 980, 1158, 1611, 2326, 30092,
                        483, 5949, 8867, 13275, 18259, 2595,
                        3428, 5756, 6401, 9659]


http://www.gutenberg.org/files/15855/15855.txt
http://www.gutenberg.org/files/1158/1158.txt
http://www.gutenberg.org/files/1098/1098.txt

----------------------------------------------------------------------------------------------
titles['twain'] = [1044, 1213, 245, 30092, 3176, 3179, 3183, 3189, 74,
                   86, 1086, 142, 2572, 3173, 3177, 3180, 3186, 3192,
                   76, 91, 119, 1837, 2895, 3174, 3178, 3181, 3187, 3432,
                   8525]
http://www.gutenberg.org/files/1044/1044.txt----------not found
